---
version: 2
money:
  kitty thuyt vn: 3087473.550000
  tonykiz: 1172069.950000
  backuphawk34609: 545909.460000
  apin247: 341.000000
  casemongamer: 0.000000
  direfulasp5253: 1041486.400000
  hoaquyen666: 27058.850000
  khanhvymcpe: 1000
  baybluedragon: 1000
  timberedship487: 44080.200000
  elasticnhan: 1140.900000
  namorangeboy: 1524547.350000
  royalphongvn: 3256682.550000
  knminerprogamer: 40509.800000
  kaitoytnoob: 706450.590000
  phuonggnamm: 6384533.350000
  karry20: 1000
  juromark: 1000
  mysamau113: 184779.550000
  teoai911: 35560.000000
  proluffygm: 1081.950000
  hehevnz: 32166.650000
  baobp: 111536.550000
  thelucifervn: 0.000000
  woolchannel3295: 1000
  cutenpc: 1000
  slimeboybac: 1635.350000
  prenses aleyna3: 1000
  vinhklatc: 1973.400000
  nhockboy2k6: 1300.000000
  wowidontknowwtf: 1000
  tacticalfns: 1000
  trickyjaguar859: 5868218.500000
  tophoang 2007: 1000.000000
  yinzoxgamer: 1000
  soulfoxxnight: 30825.150000
  hkgamingvn: 31861.800000
  oopsmuti: 21000.000000
  cardfox94268129: 8662.600000
  girlsino23: 1000
  eagerertomcat63: 1000
  spiralland83830: 1000
  stelarpuma3561: 1000.000000
  happy ytb: 1000
  vuanhatgai: 219537.050000
  icezvn2000: 19743.650000
  gameminervip: 2188.150000
  tnt fa: 5932.050000
  undonetiger9294: 1000
  huyphuongcbd: 2952.900000
  dogukan4814: 1300.000000
  wolftubetm: 1000
  superbquasar565: 1000
  giangz: 114482.900000
  realnarutomcpe: 140499.600000
  qgamingdemonp: 1000
  damvietanh: 43091.700000
  ben1ben12: 1000
  khoagamingpro: 1000
  ziodragon4837: 9372.650000
  nightblackdm: 1000
  nhokkid21: 1000
  vinhfgson: 1000
  deadlyflea19421: 1000
  zankinoobvn: 50516.750000
  botrymto: 1155.900000
  tanlocli2008: 34777.700000
  formalemu561203: 37651.100000
  zvsatthuzv: 14433.150000
  fakebracingvn: 4473.150000
  phuongaz: 1000
  enderdragon4021: 144115.750000
  shakuganofshana: 1000
  i am nobiitaa: 17826.700000
  oopsvugaming: 1311.100000
  ficzoonler: 450.000000
  takinghuypro: 15726.250000
  ahsuga: 332468.500000
  jeropubg: 1000
  lanpsdragon: 1000
  zingerdz7806: 180150.000000
  realenderhydra: 1959.300000
  trannghiavn2006: 879620.350000
  likableorc66724: 12732.350000
  tommyvn57: 1000
  yt365bom: 111745.700000
  startedspoon48: 1128.000000
  nhox2404: 1000
  jackthngaming41: 1000
  the3tmcpe: 35391.150000
  kiritoonii: 11000.000000
  solrgame: 1000
  saltystream6711: 2067.600000
  smlbaygio117: 262311.500000
  xeomdragon78: 1458.750000
  nasumiboyvnmc: 1000.000000
  chautran1423: 500.000000
  minhhc12345: 51275.000000
  stagierrapier61: 1000
  assertionsmvp: 233947.550000
  sieowo3: 339212.650000
  cohaclao: 1000
  prhbjerter: 1000
  trickyfan14: 76894.800000
  testedatom97789: 57019.500000
  nynoobmcpe: 31735.250000
  musugagon: 7261.800000
  asukavn: 1000
  goldastion: 1000
  redhoodmcpe: 1034.200000
  pandakdh: 10762.550000
  grimherobrine9: 1000
  oldmovie7358941: 1000
  battiestcap1162: 2188.200000
  prolettuce62536: 1000
  tranggaming: 35608.300000
  clamantdarwin: 4240.800000
  dragon77131: 1000
  midardawinner: 1000
  virusvn: 131102.350000
  pr d78: 32340.000000
  enderwolfvn: 3221.300000
...
