---
Hub:
  X: -96.560100
  "Y": 75.000000
  Z: 93.462400
  Yaw: 183.328003
  Pitch: 87.908325
...
